 0,  1,  2,  3, 4,  5,   6,   7,  8,  9, 10,  11, 12, 13, 14, 15, 16, 17, 18,  19
31, 10, -7, 35, 2, 30, -10, -15, 22, 14, 20, -19,  3,  4,  0,  5, -6, 13, 21, -17

Iteration #1
gap = array_length / 2 = 10

    Iteration #1.1
    i = gap = 10
    currentElement = 20
    j = 10
     0,  1,  2,  3, 4,  5,   6,   7,  8,  9, 10,  11, 12, 13, 14, 15, 16, 17, 18,  19
    31, 10, -7, 35, 2, 30, -10, -15, 22, 14, 31, -19,  3,  4,  0,  5, -6, 13, 21, -17
    j = 0
     0,  1,  2,  3, 4,  5,   6,   7,  8,  9, 10,  11, 12, 13, 14, 15, 16, 17, 18,  19
    20, 10, -7, 35, 2, 30, -10, -15, 22, 14, 31, -19,  3,  4,  0,  5, -6, 13, 21, -17

    Iteration #1.2
    i = 11
    currentElement = -19
    j = 11
     0,  1,  2,  3, 4,  5,   6,   7,  8,  9, 10, 11, 12, 13, 14, 15, 16, 17, 18,  19
    20, 10, -7, 35, 2, 30, -10, -15, 22, 14, 31, 10,  3,  4,  0,  5, -6, 13, 21, -17
    j = 1
     0,   1,  2,  3, 4,  5,   6,   7,  8,  9, 10, 11, 12, 13, 14, 15, 16, 17, 18,  19
    20, -19, -7, 35, 2, 30, -10, -15, 22, 14, 31, 10,  3,  4,  0,  5, -6, 13, 21, -17

    Iteration #1.2
    i = 12
    currentElement = 3
    j = 12

    Iteration #1.3
    i = 13
    currentElement = 4
    j = 13
     0,   1,  2,  3, 4,  5,   6,   7,  8,  9, 10, 11, 12, 13, 14, 15, 16, 17, 18,  19
    20, -19, -7, 35, 2, 30, -10, -15, 22, 14, 31, 10,  3, 35,  0,  5, -6, 13, 21, -17
    j = 3
     0,   1,  2, 3, 4,  5,   6,   7,  8,  9, 10, 11, 12, 13, 14, 15, 16, 17, 18,  19
    20, -19, -7, 4, 2, 30, -10, -15, 22, 14, 31, 10,  3, 35,  0,  5, -6, 13, 21, -17

    Iteration #1.4
    i = 14
    currentElement = 0
    j = 14
     0,   1,  2, 3, 4,  5,   6,   7,  8,  9, 10, 11, 12, 13, 14, 15, 16, 17, 18,  19
    20, -19, -7, 4, 2, 30, -10, -15, 22, 14, 31, 10,  3, 35,  2,  5, -6, 13, 21, -17
    j = 4
     0,   1,  2, 3, 4,  5,   6,   7,  8,  9, 10, 11, 12, 13, 14, 15, 16, 17, 18,  19
    20, -19, -7, 4, 0, 30, -10, -15, 22, 14, 31, 10,  3, 35,  2,  5, -6, 13, 21, -17

    Iteration #1.5
    i = 15
    currentElement = 5
    j = 15
     0,   1,  2, 3, 4,  5,   6,   7,  8,  9, 10, 11, 12, 13, 14, 15, 16, 17, 18,  19
    20, -19, -7, 4, 0, 30, -10, -15, 22, 14, 31, 10,  3, 35,  2, 30, -6, 13, 21, -17
    j = 5
     0,   1,  2, 3, 4, 5,   6,   7,  8,  9, 10, 11, 12, 13, 14, 15, 16, 17, 18,  19
    20, -19, -7, 4, 0, 5, -10, -15, 22, 14, 31, 10,  3, 35,  2, 30, -6, 13, 21, -17

    Iteration #1.6
    i = 16
    currentElement = -6
    j = 16

    Iteration #1.7
    i = 17
    currentElement = 13
    j = 17

    Iteration #1.8
    i = 18
    currentElement = 21
    j = 18
     0,   1,  2, 3, 4, 5,   6,   7,  8,  9, 10, 11, 12, 13, 14, 15, 16, 17, 18,  19
    20, -19, -7, 4, 0, 5, -10, -15, 22, 14, 31, 10,  3, 35,  2, 30, -6, 13, 22, -17
    j = 8
     0,   1,  2, 3, 4, 5,   6,   7,  8,  9, 10, 11, 12, 13, 14, 15, 16, 17, 18,  19
    20, -19, -7, 4, 0, 5, -10, -15, 21, 14, 31, 10,  3, 35,  2, 30, -6, 13, 22, -17

    Iteration #1.9
    i = 19
    currentElement = -17
    j = 19
     0,   1,  2, 3, 4, 5,   6,   7,  8,  9, 10, 11, 12, 13, 14, 15, 16, 17, 18, 19
    20, -19, -7, 4, 0, 5, -10, -15, 21, 14, 31, 10,  3, 35,  2, 30, -6, 13, 22, 14
    j = 9
     0,   1,  2, 3, 4, 5,   6,   7,  8,   9, 10, 11, 12, 13, 14, 15, 16, 17, 18, 19
    20, -19, -7, 4, 0, 5, -10, -15, 21, -17, 31, 10,  3, 35,  2, 30, -6, 13, 22, 14

Iteration #2
gap = 10 / 2 = 5

    Iteration #2.1
    i = gap = 5
    currentElement = 5
    j = 5
     0,   1,  2, 3, 4,  5,   6,   7,  8,   9, 10, 11, 12, 13, 14, 15, 16, 17, 18, 19
    20, -19, -7, 4, 0, 20, -10, -15, 21, -17, 31, 10,  3, 35,  2, 30, -6, 13, 22, 14
    j = 0
    0,   1,  2, 3, 4,  5,   6,   7,  8,   9, 10, 11, 12, 13, 14, 15, 16, 17, 18, 19
    5, -19, -7, 4, 0, 20, -10, -15, 21, -17, 31, 10,  3, 35,  2, 30, -6, 13, 22, 14

    Iteration #2.2
    i = 6
    currentElement = -10
    j = 6

    Iteration #2.3
    i = 7
    currentElement = -15
    j = 7
    0,   1,  2, 3, 4,  5,   6,  7,  8,   9, 10, 11, 12, 13, 14, 15, 16, 17, 18, 19
    5, -19, -7, 4, 0, 20, -10, -7, 21, -17, 31, 10,  3, 35,  2, 30, -6, 13, 22, 14
    j = 2
    0,   1,   2, 3, 4,  5,   6,  7,  8,   9, 10, 11, 12, 13, 14, 15, 16, 17, 18, 19
    5, -19, -15, 4, 0, 20, -10, -7, 21, -17, 31, 10,  3, 35,  2, 30, -6, 13, 22, 14

    Iteration #2.4
    i = 8
    currentElement = 21
    j = 8

    Iteration #2.5
    i = 9
    currentElement = -17
    j = 9
    0,   1,   2, 3, 4,  5,   6,  7,  8, 9, 10, 11, 12, 13, 14, 15, 16, 17, 18, 19
    5, -19, -15, 4, 0, 20, -10, -7, 21, 0, 31, 10,  3, 35,  2, 30, -6, 13, 22, 14
    j = 4
    0,   1,   2, 3,   4,  5,   6,  7,  8, 9, 10, 11, 12, 13, 14, 15, 16, 17, 18, 19
    5, -19, -15, 4, -17, 20, -10, -7, 21, 0, 31, 10,  3, 35,  2, 30, -6, 13, 22, 14

    Iteration #2.6
    i = 10
    currentElement = 31
    j = 10

    Iteration #2.7
    i = 11
    currentElement = 10
    j = 11

    Iteration #2.8
    i = 12
    currentElement = 3
    j = 12

    Iteration #2.9
    i = 13
    currentElement = 35
    j = 13

    Iteration #2.10
    i = 14
    currentElement = 2
    j = 14

    Iteration #2.11
    i = 15
    currentElement = 30
    j = 15
    0,   1,   2, 3,   4,  5,   6,  7,  8, 9, 10, 11, 12, 13, 14, 15, 16, 17, 18, 19
    5, -19, -15, 4, -17, 20, -10, -7, 21, 0, 31, 10,  3, 35,  2, 31, -6, 13, 22, 14
    j = 10
    0,   1,   2, 3,   4,  5,   6,  7,  8, 9, 10, 11, 12, 13, 14, 15, 16, 17, 18, 19
    5, -19, -15, 4, -17, 20, -10, -7, 21, 0, 30, 10,  3, 35,  2, 31, -6, 13, 22, 14

    Iteration #2.12
    i = 16
    currentElement = -6
    j = 16
    0,   1,   2, 3,   4,  5,   6,  7,  8, 9, 10, 11, 12, 13, 14, 15, 16, 17, 18, 19
    5, -19, -15, 4, -17, 20, -10, -7, 21, 0, 30, 10,  3, 35,  2, 31, 10, 13, 22, 14
    j = 11
    0,   1,   2, 3,   4,  5,   6,  7,  8, 9, 10, 11, 12, 13, 14, 15, 16, 17, 18, 19
    5, -19, -15, 4, -17, 20, -10, -7, 21, 0, 30, -6,  3, 35,  2, 31, 10, 13, 22, 14

    Iteration #2.13
    i = 17
    currentElement = 13
    j = 17

    Iteration #2.14
    i = 18
    currentElement = 22
    j = 18
    0,   1,   2, 3,   4,  5,   6,  7,  8, 9, 10, 11, 12, 13, 14, 15, 16, 17, 18, 19
    5, -19, -15, 4, -17, 20, -10, -7, 21, 0, 30, -6,  3, 35,  2, 31, 10, 13, 35, 14
    j = 13
    0,   1,   2, 3,   4,  5,   6,  7,  8, 9, 10, 11, 12, 13, 14, 15, 16, 17, 18, 19
    5, -19, -15, 4, -17, 20, -10, -7, 21, 0, 30, -6,  3, 22,  2, 31, 10, 13, 35, 14

    Iteration #2.15
    i = 19
    currentElement = 14
    j = 19

Iteration #3
gap = 5 / 2 = 2

    Iteration #3.1
    i = gap = 2
    currentElement = -15
    j = 2
    0,   1, 2, 3,   4,  5,   6,  7,  8, 9, 10, 11, 12, 13, 14, 15, 16, 17, 18, 19
    5, -19, 5, 4, -17, 20, -10, -7, 21, 0, 30, -6,  3, 22,  2, 31, 10, 13, 35, 14
    j = 0
      0,   1, 2, 3,   4,  5,   6,  7,  8, 9, 10, 11, 12, 13, 14, 15, 16, 17, 18, 19
    -15, -19, 5, 4, -17, 20, -10, -7, 21, 0, 30, -6,  3, 22,  2, 31, 10, 13, 35, 14

    Iteration #3.2
    i = 3
    currentElement = 4
    j = 3

    Iteration #3.3
    i = 4
    currentElement = -17
    j = 4
      0,   1, 2, 3, 4,  5,   6,  7,  8, 9, 10, 11, 12, 13, 14, 15, 16, 17, 18, 19
    -15, -19, 5, 4, 5, 20, -10, -7, 21, 0, 30, -6,  3, 22,  2, 31, 10, 13, 35, 14
    j = 2
      0,   1,   2, 3, 4,  5,   6,  7,  8, 9, 10, 11, 12, 13, 14, 15, 16, 17, 18, 19
    -15, -19, -15, 4, 5, 20, -10, -7, 21, 0, 30, -6,  3, 22,  2, 31, 10, 13, 35, 14
    j = 0
      0,   1,   2, 3, 4,  5,   6,  7,  8, 9, 10, 11, 12, 13, 14, 15, 16, 17, 18, 19
    -17, -19, -15, 4, 5, 20, -10, -7, 21, 0, 30, -6,  3, 22,  2, 31, 10, 13, 35, 14

    Iteration #3.4
    i = 5
    currentElement = 20
    j = 5

    Iteration #3.5
    i = 6
    currentElement = -10
    j = 6
      0,   1,   2, 3, 4,  5, 6,  7,  8, 9, 10, 11, 12, 13, 14, 15, 16, 17, 18, 19
    -17, -19, -15, 4, 5, 20, 5, -7, 21, 0, 30, -6,  3, 22,  2, 31, 10, 13, 35, 14
    j = 4
      0,   1,   2, 3,   4,  5, 6,  7,  8, 9, 10, 11, 12, 13, 14, 15, 16, 17, 18, 19
    -17, -19, -15, 4, -10, 20, 5, -7, 21, 0, 30, -6,  3, 22,  2, 31, 10, 13, 35, 14

    Iteration #3.6
    i = 7
    currentElement = -7
    j = 7
      0,   1,   2, 3,   4,  5, 6,  7,  8, 9, 10, 11, 12, 13, 14, 15, 16, 17, 18, 19
    -17, -19, -15, 4, -10, 20, 5, 20, 21, 0, 30, -6,  3, 22,  2, 31, 10, 13, 35, 14
    j = 5
      0,   1,   2, 3,   4, 5, 6,  7,  8, 9, 10, 11, 12, 13, 14, 15, 16, 17, 18, 19
    -17, -19, -15, 4, -10, 4, 5, 20, 21, 0, 30, -6,  3, 22,  2, 31, 10, 13, 35, 14
    j = 3
      0,   1,   2,  3,   4, 5, 6,  7,  8, 9, 10, 11, 12, 13, 14, 15, 16, 17, 18, 19
    -17, -19, -15, -7, -10, 4, 5, 20, 21, 0, 30, -6,  3, 22,  2, 31, 10, 13, 35, 14

    Iteration #3.7
    i = 8
    currentElement = 21
    j = 8

    Iteration #3.8
    i = 9
    currentElement = 0
    j = 9
      0,   1,   2,  3,   4, 5, 6,  7,  8,  9, 10, 11, 12, 13, 14, 15, 16, 17, 18, 19
    -17, -19, -15, -7, -10, 4, 5, 20, 21, 20, 30, -6,  3, 22,  2, 31, 10, 13, 35, 14
    j = 7
      0,   1,   2,  3,   4, 5, 6, 7,  8,  9, 10, 11, 12, 13, 14, 15, 16, 17, 18, 19
    -17, -19, -15, -7, -10, 4, 5, 4, 21, 20, 30, -6,  3, 22,  2, 31, 10, 13, 35, 14
    j = 5
      0,   1,   2,  3,   4, 5, 6, 7,  8,  9, 10, 11, 12, 13, 14, 15, 16, 17, 18, 19
    -17, -19, -15, -7, -10, 0, 5, 4, 21, 20, 30, -6,  3, 22,  2, 31, 10, 13, 35, 14

    Iteration #3.9
    i = 10
    currentElement = 30
    j = 10

    Iteration #3.10
    i = 11
    currentElement = -6
    j = 11
      0,   1,   2,  3,   4, 5, 6, 7,  8,  9, 10, 11, 12, 13, 14, 15, 16, 17, 18, 19
    -17, -19, -15, -7, -10, 0, 5, 4, 21, 20, 30, 20,  3, 22,  2, 31, 10, 13, 35, 14
    j = 9
      0,   1,   2,  3,   4, 5, 6, 7,  8, 9, 10, 11, 12, 13, 14, 15, 16, 17, 18, 19
    -17, -19, -15, -7, -10, 0, 5, 4, 21, 4, 30, 20,  3, 22,  2, 31, 10, 13, 35, 14
    j = 7
      0,   1,   2,  3,   4, 5, 6, 7,  8, 9, 10, 11, 12, 13, 14, 15, 16, 17, 18, 19
    -17, -19, -15, -7, -10, 0, 5, 0, 21, 4, 30, 20,  3, 22,  2, 31, 10, 13, 35, 14
    j = 5
      0,   1,   2,  3,   4,  5, 6, 7,  8, 9, 10, 11, 12, 13, 14, 15, 16, 17, 18, 19
    -17, -19, -15, -7, -10, -6, 5, 0, 21, 4, 30, 20,  3, 22,  2, 31, 10, 13, 35, 14

    Iteration #3.11
    i = 12
    currentElement = 3
    j = 12
      0,   1,   2,  3,   4,  5, 6, 7,  8, 9, 10, 11,  12, 13, 14, 15, 16, 17, 18, 19
    -17, -19, -15, -7, -10, -6, 5, 0, 21, 4, 30, 20,  30, 22,  2, 31, 10, 13, 35, 14
    j = 10
      0,   1,   2,  3,   4,  5, 6, 7,  8, 9, 10, 11,  12, 13, 14, 15, 16, 17, 18, 19
    -17, -19, -15, -7, -10, -6, 5, 0, 21, 4, 21, 20,  30, 22,  2, 31, 10, 13, 35, 14
    j = 8
      0,   1,   2,  3,   4,  5, 6, 7, 8, 9, 10, 11,  12, 13, 14, 15, 16, 17, 18, 19
    -17, -19, -15, -7, -10, -6, 5, 0, 5, 4, 21, 20,  30, 22,  2, 31, 10, 13, 35, 14
    j = 6
      0,   1,   2,  3,   4,  5, 6, 7, 8, 9, 10, 11,  12, 13, 14, 15, 16, 17, 18, 19
    -17, -19, -15, -7, -10, -6, 3, 0, 5, 4, 21, 20,  30, 22,  2, 31, 10, 13, 35, 14
    j = 4

    Iteration #3.12
    i = 13
    currentElement = 22
    j = 13

    Iteration #3.13
    i = 14
    currentElement = 2
    j = 14
      0,   1,   2,  3,   4,  5, 6, 7, 8, 9, 10, 11,  12, 13, 14, 15, 16, 17, 18, 19
    -17, -19, -15, -7, -10, -6, 3, 0, 5, 4, 21, 20,  30, 22, 30, 31, 10, 13, 35, 14
    j = 12
      0,   1,   2,  3,   4,  5, 6, 7, 8, 9, 10, 11,  12, 13, 14, 15, 16, 17, 18, 19
    -17, -19, -15, -7, -10, -6, 3, 0, 5, 4, 21, 20,  21, 22, 30, 31, 10, 13, 35, 14
    j = 10
      0,   1,   2,  3,   4,  5, 6, 7, 8, 9, 10, 11,  12, 13, 14, 15, 16, 17, 18, 19
    -17, -19, -15, -7, -10, -6, 3, 0, 5, 4, 5, 20,  21, 22, 30, 31, 10, 13, 35, 14
    j = 8
      0,   1,   2,  3,   4,  5, 6, 7, 8, 9, 10, 11,  12, 13, 14, 15, 16, 17, 18, 19
    -17, -19, -15, -7, -10, -6, 3, 0, 3, 4, 5, 20,  21, 22, 30, 31, 10, 13, 35, 14
    j = 6
      0,   1,   2,  3,   4,  5, 6, 7, 8, 9, 10, 11,  12, 13, 14, 15, 16, 17, 18, 19
    -17, -19, -15, -7, -10, -6, 2, 0, 3, 4,  5, 20,  21, 22, 30, 31, 10, 13, 35, 14

    Iteration #3.14
    i = 15
    currentElement = 31
    j = 15

    Iteration #3.15
    i = 16
    currentElement = 10
    j = 16
      0,   1,   2,  3,   4,  5, 6, 7, 8, 9, 10, 11,  12, 13, 14, 15, 16, 17, 18, 19
    -17, -19, -15, -7, -10, -6, 2, 0, 3, 4,  5, 20,  21, 22, 30, 31, 30, 13, 35, 14
    j = 14
      0,   1,   2,  3,   4,  5, 6, 7, 8, 9, 10, 11,  12, 13, 14, 15, 16, 17, 18, 19
    -17, -19, -15, -7, -10, -6, 2, 0, 3, 4,  5, 20,  21, 22, 21, 31, 30, 13, 35, 14
    j = 12
      0,   1,   2,  3,   4,  5, 6, 7, 8, 9, 10, 11,  12, 13, 14, 15, 16, 17, 18, 19
    -17, -19, -15, -7, -10, -6, 2, 0, 3, 4,  5, 20,  10, 22, 21, 31, 30, 13, 35, 14

    Iteration #3.16
    i = 17
    currentElement = 13
    j = 17
      0,   1,   2,  3,   4,  5, 6, 7, 8, 9, 10, 11,  12, 13, 14, 15, 16, 17, 18, 19
    -17, -19, -15, -7, -10, -6, 2, 0, 3, 4,  5, 20,  10, 22, 21, 31, 30, 31, 35, 14
    j = 15
      0,   1,   2,  3,   4,  5, 6, 7, 8, 9, 10, 11,  12, 13, 14, 15, 16, 17, 18, 19
    -17, -19, -15, -7, -10, -6, 2, 0, 3, 4,  5, 20,  10, 22, 21, 22, 30, 31, 35, 14
    j = 13
      0,   1,   2,  3,   4,  5, 6, 7, 8, 9, 10, 11,  12, 13, 14, 15, 16, 17, 18, 19
    -17, -19, -15, -7, -10, -6, 2, 0, 3, 4,  5, 20,  10, 20, 21, 22, 30, 31, 35, 14
    j = 11
      0,   1,   2,  3,   4,  5, 6, 7, 8, 9, 10, 11,  12, 13, 14, 15, 16, 17, 18, 19
    -17, -19, -15, -7, -10, -6, 2, 0, 3, 4,  5, 13,  10, 20, 21, 22, 30, 31, 35, 14

    Iteration #3.17
    i = 18
    currentElement = 35
    j = 18

    Iteration #3.18
    i = 19
    currentElement = 14
    j = 19
      0,   1,   2,  3,   4,  5, 6, 7, 8, 9, 10, 11,  12, 13, 14, 15, 16, 17, 18, 19
    -17, -19, -15, -7, -10, -6, 2, 0, 3, 4,  5, 13,  10, 20, 21, 22, 30, 31, 35, 31
    j = 17
      0,   1,   2,  3,   4,  5, 6, 7, 8, 9, 10, 11,  12, 13, 14, 15, 16, 17, 18, 19
    -17, -19, -15, -7, -10, -6, 2, 0, 3, 4,  5, 13,  10, 20, 21, 22, 30, 22, 35, 31
    j = 15
      0,   1,   2,  3,   4,  5, 6, 7, 8, 9, 10, 11,  12, 13, 14, 15, 16, 17, 18, 19
    -17, -19, -15, -7, -10, -6, 2, 0, 3, 4,  5, 13,  10, 20, 21, 20, 30, 22, 35, 31
    j = 13
      0,   1,   2,  3,   4,  5, 6, 7, 8, 9, 10, 11,  12, 13, 14, 15, 16, 17, 18, 19
    -17, -19, -15, -7, -10, -6, 2, 0, 3, 4,  5, 13,  10, 14, 21, 20, 30, 22, 35, 31

Iteration #4
gap = 2 / 2 = 1

    Iteration #4.1
    i = gap = 1
    currentElement = -19
    j = 1
      0,   1,   2,  3,   4,  5, 6, 7, 8, 9, 10, 11,  12, 13, 14, 15, 16, 17, 18, 19
    -17, -17, -15, -7, -10, -6, 2, 0, 3, 4,  5, 13,  10, 14, 21, 20, 30, 22, 35, 31
    j = 0
      0,   1,   2,  3,   4,  5, 6, 7, 8, 9, 10, 11,  12, 13, 14, 15, 16, 17, 18, 19
    -19, -17, -15, -7, -10, -6, 2, 0, 3, 4,  5, 13,  10, 14, 21, 20, 30, 22, 35, 31

    Iteration #4.2
    i = 2
    currentElement = -15
    j = 2

    Iteration #4.3
    i = 3
    currentElement = -7
    j = 3

    Iteration #4.4
    i = 4
    currentElement = -10
    j = 4
      0,   1,   2,  3,  4,  5, 6, 7, 8, 9, 10, 11,  12, 13, 14, 15, 16, 17, 18, 19
    -19, -17, -15, -7, -7, -6, 2, 0, 3, 4,  5, 13,  10, 14, 21, 20, 30, 22, 35, 31
    j = 3
      0,   1,   2,   3,  4,  5, 6, 7, 8, 9, 10, 11,  12, 13, 14, 15, 16, 17, 18, 19
    -19, -17, -15, -10, -7, -6, 2, 0, 3, 4,  5, 13,  10, 14, 21, 20, 30, 22, 35, 31

    Iteration #4.5
    i = 5
    currentElement = -6
    j = 5

    Iteration #4.6
    i = 6
    currentElement = 2
    j = 6

    Iteration #4.7
    i = 7
    currentElement = 0
    j = 7
      0,   1,   2,   3,  4,  5, 6, 7, 8, 9, 10, 11,  12, 13, 14, 15, 16, 17, 18, 19
    -19, -17, -15, -10, -7, -6, 2, 2, 3, 4,  5, 13,  10, 14, 21, 20, 30, 22, 35, 31
    j = 6
      0,   1,   2,   3,  4,  5, 6, 7, 8, 9, 10, 11,  12, 13, 14, 15, 16, 17, 18, 19
    -19, -17, -15, -10, -7, -6, 0, 2, 3, 4,  5, 13,  10, 14, 21, 20, 30, 22, 35, 31

    Iteration #4.8
    i = 8
    currentElement = 3
    j = 8

    Iteration #4.9
    i = 9
    currentElement = 4
    j = 9

    Iteration #4.10
    i = 10
    currentElement = 5
    j = 10

    Iteration #4.11
    i = 11
    currentElement = 13
    j = 11

    Iteration #4.12
    i = 12
    currentElement = 10
    j = 12
      0,   1,   2,   3,  4,  5, 6, 7, 8, 9, 10, 11,  12, 13, 14, 15, 16, 17, 18, 19
    -19, -17, -15, -10, -7, -6, 0, 2, 3, 4,  5, 13,  13, 14, 21, 20, 30, 22, 35, 31
    j = 11
      0,   1,   2,   3,  4,  5, 6, 7, 8, 9, 10, 11,  12, 13, 14, 15, 16, 17, 18, 19
    -19, -17, -15, -10, -7, -6, 0, 2, 3, 4,  5, 10,  13, 14, 21, 20, 30, 22, 35, 31

    Iteration #4.13
    i = 13
    currentElement = 14
    j = 13

    Iteration #4.14
    i = 14
    currentElement = 21
    j = 14

    Iteration #4.15
    i = 15
    currentElement = 20
    j = 15
      0,   1,   2,   3,  4,  5, 6, 7, 8, 9, 10, 11,  12, 13, 14, 15, 16, 17, 18, 19
    -19, -17, -15, -10, -7, -6, 0, 2, 3, 4,  5, 10,  13, 14, 21, 21, 30, 22, 35, 31
    j = 14
      0,   1,   2,   3,  4,  5, 6, 7, 8, 9, 10, 11,  12, 13, 14, 15, 16, 17, 18, 19
    -19, -17, -15, -10, -7, -6, 0, 2, 3, 4,  5, 10,  13, 14, 20, 21, 30, 22, 35, 31

    Iteration #4.16
    i = 16
    currentElement = 30
    j = 16

    Iteration #4.17
    i = 17
    currentElement = 22
    j = 17
      0,   1,   2,   3,  4,  5, 6, 7, 8, 9, 10, 11,  12, 13, 14, 15, 16, 17, 18, 19
    -19, -17, -15, -10, -7, -6, 0, 2, 3, 4,  5, 10,  13, 14, 20, 21, 30, 30, 35, 31
    j = 16
      0,   1,   2,   3,  4,  5, 6, 7, 8, 9, 10, 11,  12, 13, 14, 15, 16, 17, 18, 19
    -19, -17, -15, -10, -7, -6, 0, 2, 3, 4,  5, 10,  13, 14, 20, 21, 22, 30, 35, 31

    Iteration #4.18
    i = 18
    currentElement = 35
    j = 18

    Iteration #4.19
    i = 19
    currentElement = 31
    j = 19
      0,   1,   2,   3,  4,  5, 6, 7, 8, 9, 10, 11,  12, 13, 14, 15, 16, 17, 18, 19
    -19, -17, -15, -10, -7, -6, 0, 2, 3, 4,  5, 10,  13, 14, 20, 21, 22, 30, 35, 35
    j = 18
      0,   1,   2,   3,  4,  5, 6, 7, 8, 9, 10, 11,  12, 13, 14, 15, 16, 17, 18, 19
    -19, -17, -15, -10, -7, -6, 0, 2, 3, 4,  5, 10,  13, 14, 20, 21, 22, 30, 31, 35